8
6
8
5
8
2
9
9
8
2
2
3
9
8
6
9
3
1
4
1
4
9
4
1
1
4
7
6
5
3
4
8
7
7
2
3
9
5
7
5
2
6
2
3
6
2
1
4
3
1
8
8
8
1
5
5
3
2
6
7
5
2
4
7
6
2
5
9
8
8
3
1
8
2
1
6
2
8
4
2
1
3
3
1
8
4
6
3
4
6
4
7
6
5
1
6
4
5
6
1
65
16
22
19
56
58
74
96
14
48
60
62
91
63
88
36
41
59
31
37
79
75
22
94
29
89
38
59
69
59
84
25
91
42
76
58
25
36
66
36
72
72
75
43
84
76
46
81
33
57
24
45
51
79
18
73
31
34
17
20
72
22
18
83
94
81
40
81
57
86
59
69
99
55
54
42
46
50
48
49
32
15
13
18
27
40
88
43
93
14
22
48
72
24
40
54
44
60
98
36
403
434
282
874
768
785
365
377
962
818
701
925
824
731
686
870
608
913
934
304
988
632
284
208
972
429
424
635
365
914
936
659
397
219
373
681
231
409
712
735
329
933
808
512
857
225
640
510
376
340
264
586
869
720
902
280
169
969
986
890
210
564
345
602
455
729
814
925
322
239
931
701
521
991
744
836
338
812
951
698
389
632
169
878
837
793
598
699
154
312
643
998
531
845
277
634
494
983
887
538
1131
4171
2660
7975
8673
2294
6209
9535
9219
9076
8012
3112
4017
1624
7842
2633
8387
9448
8290
6268
3393
5648
1711
5745
2860
8287
9098
3042
9803
9934
5937
3495
9316
1823
9285
6165
9923
1766
2643
5889
9655
6091
1415
8239
4638
7279
6948
7212
1446
6307
9547
1761
6342
6471
1564
9339
2051
3184
5936
8735
8143
7986
3913
8738
7041
7401
3622
7253
1727
1442
1557
9512
8708
6409
6096
4612
9720
2242
7146
4706
6844
2730
5062
1149
9918
1737
8380
1382
6304
9942
3200
9863
5596
4566
3028
3257
2719
1903
7704
8128
44865
56206
63230
50470
40154
63828
38391
56884
34949
59699
97427
47951
23700
85405
37505
93685
72816
98774
30604
14900
57195
80504
28813
31348
56526
97457
89599
34773
74299
37401
35026
39359
27136
51199
65871
99427
40965
17195
31928
50589
66613
95050
49740
11243
54416
48310
40934
32736
46033
89732
23608
50881
13709
17650
50107
95192
41986
28545
34921
47910
20731
24316
42000
33757
33156
62106
89867
52777
28796
31557
32288
56974
13029
31263
44893
82055
16693
19036
68810
41856
41832
18232
13111
69914
44659
81487
18331
57687
19166
53548
68844
20203
75802
95737
92862
68601
87771
16417
83271
17543
874675
457522
935437
787895
593090
475473
334145
858753
457310
113168
253284
139926
355458
638432
387302
875850
782967
164874
937325
178714
509441
324849
230116
413876
641849
986282
769902
540025
332181
833037
658735
791750
436709
848111
133748
388203
663339
286585
187129
452595
795126
982421
593819
867919
950716
585995
440300
718499
866733
196377
709812
117785
352777
648758
866675
660839
311254
345616
442382
990579
385976
190329
450917
775385
667360
778495
611250
231340
589023
289451
916299
516429
239940
500713
420635
606049
923439
919121
488351
790229
178700
664922
169113
714551
805840
651642
847220
461688
710379
737589
662036
443303
210268
353168
292223
537212
968196
507637
887250
122954
9780050
1223187
2988837
5205897
9299330
3016920
5262966
6217049
6301653
7682517
9379422
5379598
2758171
2932184
6292647
7094949
5806446
5344799
9721328
4211884
1301085
9169253
7993476
7080620
1544706
8653375
6825613
1946799
4568287
3141310
2931223
1855722
9003245
3397804
2443618
4034235
5492937
8563795
6968920
2484419
7310397
4874386
1159687
8657573
3582224
9112191
7405344
2698851
9098654
7589596
1711639
5886978
7024285
4485822
9539131
7903129
6560912
6576685
4222998
8872221
2840723
8007313
1948567
4072763
7563382
3554612
1840485
9895331
2491825
7837626
2701724
8931968
1829571
1185188
9099730
9458259
3117145
5729054
4070930
5461820
6099274
4712545
9992616
6673952
7203719
7843897
4741839
6846698
5187190
5010301
5819879
4050994
2632184
5134564
5370265
8943960
5417502
8295593
1554446
2437864
54756909
66495720
67622681
71578988
78442143
81989268
83018281
35759537
30189569
41837838
58592068
35949246
12251243
78869262
19074822
26495313
50105910
56337665
57329795
84691679
59099130
16314103
56686104
65407105
76235085
13584692
31945990
88599970
18122026
34081682
55577547
63989754
11472484
31487031
28801669
69663919
20600634
85128278
49966885
62886989
27583375
61067582
81595819
56304334
98433069
35113947
72223628
60427478
23880283
87947525
28832679
58468189
39673751
79412952
56506692
31767801
88188587
13085734
99867279
44297256
30888250
56781104
12648105
26986199
70795936
88980907
65244513
75317753
75910088
81244202
77339886
92912738
33441033
96730592
53581933
92990586
50050710
86467134
98470650
70131311
65221198
79441931
96008455
76355934
88299303
42604708
95999702
35701398
84280082
92329029
88095023
47867468
53065705
87873562
38077110
72919253
49488009
96385719
25012261
52303585
367898070
968888351
961127421
152193074
175410983
268440348
935727531
453314313
400912564
729142235
978861862
316296510
513967018
810460082
391668332
803230740
530412753
189255522
255892954
423144028
421926914
353067576
673230194
892256869
610359009
191972790
475110638
531917358
671291320
865243121
662983676
277984818
670795820
617306060
178278546
791720268
499493224
923880337
749907773
810001811
761113740
409663883
567856045
506358186
724664407
987770061
348586795
367423192
289739155
757973937
783978789
921133945
391838429
420082390
865604716
486837913
669598899
266894060
381599303
257341531
406722751
618230205
155234326
368234889
160644574
854146313
877355453
479961546
306473200
833709875
489897447
763006165
573365255
844943503
853127515
889923977
757072629
920308508
701233444
673585720
939567121
211235461
606444501
970304888
659895853
606158102
410939540
381347461
159276926
726421433
444655667
396120282
702815435
743224669
360590652
521331167
716904223
234213386
666325645
470209864
1403382940
5481037754
7570025750
8651079187
4323331957
3696052387
1270413010
5567084251
2030900345
4671634850
9556290382
5144954480
3089024595
3365170742
8608081284
3739226365
5834792547
8349368050
9397144761
4265538989
2395819492
4173923967
1924558405
5206636236
4273756290
8005759245
5031165014
5472699431
4664058542
4173499922
4218865263
1696973808
8431208100
9098832199
2417865082
6527163318
5791609981
6190229795
9305589219
8364738580
5070449602
3737190305
2075918792
5687664241
9541562125
1632338461
8279913204
8812164583
7322651429
5731861477
4777073657
3837464263
1742171087
3322755616
2245644972
8515324944
7794202874
1456183192
7773837068
2872621535
8813986661
1175180610
3020830919
3138300998
5356957923
6281497772
3614966731
3115031649
2675866026
7044706928
3244918249
9224166800
5009625555
7417398985
4906972574
2319272316
3743995117
8146415627
9387472476
7033900354
2969781294
4339418742
3812699349
4497804791
7694525365
8939738990
3861326685
4854503466
7640805311
5826318593
1511543245
6998437935
4975341990
4388744832
2453424984
7232429143
8430130908
6302450102
5959252230
6265670042